zipcode,Income
98001,151862.0
98002,121182.0
98003,168972.0
98004,127274.0
98005,83486.0
98006,129278.0
98007,128228.0
98008,98190.0
98010,24085.0
98011,112192.0
98012,292330.0
98014,30619.0
98019,46871.0
98020,98724.0
98021,128568.0
98022,99686.0
98023,212062.0
98024,20731.0
98026,181716.0
98027,117544.0
98028,90167.0
98029,98510.0
98030,129962.0
98031,167779.0
98032,151905.0
98033,149566.0
98034,232159.0
98036,167274.0
98037,120206.0
98038,152632.0
98039,7190.0
98040,80276.0
98042,217292.0
98043,109293.0
98045,68356.0
98047,28963.0
98051,16970.0
98052,234502.0
98053,66004.0
98055,113634.0
98056,161995.0
98057,73891.0
98058,195834.0
98059,156742.0
98065,45550.0
98070,46433.0
98072,96922.0
98074,62554.0
98075,48643.0
98077,35396.0
98087,161722.0
98092,197825.0
98101,65013.0
98102,171622.0
98103,277894.0
98104,55452.0
98105,108736.0
98106,118286.0
98107,159061.0
98108,112894.0
98109,171487.0
98110,90900.0
98112,91533.0
98115,223012.0
98116,134270.0
98117,162827.0
98118,208488.0
98119,124680.0
98121,92229.0
98122,190254.0
98125,190960.0
98126,111405.0
98133,228940.0
98134,4302.0
98136,84434.0
98144,141286.0
98146,128307.0
98148,42298.0
98155,172270.0
98164,1116.0
98166,90740.0
98168,137638.0
98177,82472.0
98178,113555.0
98188,92474.0
98198,175574.0
98199,94464.0
98201,112264.0
98203,157576.0
98204,154582.0
98208,226956.0
98220,2978.0
98221,109526.0
98223,186469.0
98225,165794.0
98226,177496.0
98229,128870.0
98230,71936.0
98232,18550.0
98233,65039.0
98236,28283.0
98237,12802.0
98239,35564.0
98240,14119.0
98241,9135.0
98244,11937.0
98245,16899.0
98247,35290.0
98248,103298.0
98249,24760.0
98250,36506.0
98251,20264.0
98252,37304.0
98253,8521.0
98257,20266.0
98258,211258.0
98260,24291.0
98261,10759.0
98262,3788.0
98264,97665.0
98266,9723.0
98267,1233.0
98270,212184.0
98271,124797.0
98272,123550.0
98273,121874.0
98274,76106.0
98275,95388.0
98276,5614.0
98277,169592.0
98279,2040.0
98281,5236.0
98282,81046.0
98283,1157.0
98284,106266.0
98290,143609.0
98292,106479.0
98294,29296.0
98295,10021.0
98296,98322.0
98303,3906.0
98304,2566.0
98305,1620.0
98310,82824.0
98311,116391.0
98312,129695.0
98315,11923.0
98320,4886.0
98321,65471.0
98323,3268.0
98325,8322.0
98326,1698.0
98327,43818.0
98328,41008.0
98329,38240.0
98330,395.0
98331,19438.0
98332,68656.0
98333,15384.0
98335,123842.0
98336,3234.0
98337,24586.0
98338,112972.0
98339,13920.0
98340,12308.0
98342,8080.0
98346,45046.0
98349,17378.0
98351,3115.0
98354,43590.0
98355,1588.0
98356,7632.0
98358,4210.0
98359,22720.0
98360,59437.0
98361,3822.0
98362,96550.0
98363,47170.0
98365,25934.0
98366,150456.0
98367,109942.0
98368,71663.0
98370,148562.0
98371,103222.0
98372,106296.0
98373,118569.0
98374,176889.0
98375,122318.0
98376,8136.0
98377,6228.0
98380,27093.0
98381,961.0
98382,129764.0
98383,115418.0
98387,205424.0
98388,29098.0
98390,52459.0
98391,230064.0
98392,13349.0
98394,9536.0
98402,28850.0
98403,40412.0
98404,80954.0
98405,79042.0
98406,103828.0
98407,109054.0
98408,68925.0
98409,60427.0
98418,35390.0
98422,95688.0
98424,50746.0
98433,29019.0
98438,1407.0
98439,6547.0
98443,27065.0
98444,81181.0
98445,131479.0
98446,45964.0
98465,31187.0
98466,126412.0
98467,58120.0
98498,125716.0
98499,101700.0
98501,192048.0
98502,130576.0
98503,168316.0
98506,86788.0
98512,132170.0
98513,151108.0
98516,107586.0
98520,65711.0
98524,18322.0
98526,352.0
98528,43634.0
98531,77926.0
98532,90020.0
98533,1570.0
98535,1358.0
98537,9319.0
98538,1190.0
98541,36284.0
98542,2306.0
98546,13022.0
98547,3726.0
98548,8409.0
98550,30908.0
98552,448.0
98555,1664.0
98557,13774.0
98560,820.0
98563,34090.0
98564,8868.0
98568,9178.0
98569,21350.0
98570,15788.0
98572,3093.0
98576,21066.0
98577,21438.0
98579,53632.0
98580,38533.0
98581,460.0
98582,2760.0
98584,133726.0
98585,2612.0
98586,6252.0
98588,5858.0
98589,33263.0
98590,1324.0
98591,16010.0
98592,10061.0
98593,3324.0
98595,9462.0
98596,23034.0
98597,96249.0
98601,11996.0
98603,3204.0
98604,164018.0
98605,5698.0
98606,40706.0
98607,115142.0
98610,10317.0
98611,40367.0
98612,10832.0
98613,1106.0
98616,190.0
98619,1428.0
98620,26784.0
98624,4722.0
98625,29404.0
98626,87241.0
98628,519.0
98629,41712.0
98631,13847.0
98632,176934.0
98635,6766.0
98638,6112.0
98640,15528.0
98642,80076.0
98643,1194.0
98645,5061.0
98647,1148.0
98648,11910.0
98649,4366.0
98650,4720.0
98651,4100.0
98660,52110.0
98661,173958.0
98662,143969.0
98663,59441.0
98664,108018.0
98665,117273.0
98671,103477.0
98672,26692.0
98674,56338.0
98675,26484.0
98682,246085.0
98683,155080.0
98684,125422.0
98685,128118.0
98686,83859.0
98801,158488.0
98802,119052.0
98812,15252.0
98813,5186.0
98814,1814.0
98815,28800.0
98816,30444.0
98822,7899.0
98823,43938.0
98826,30972.0
98827,314.0
98828,9122.0
98830,1858.0
98831,12370.0
98832,0.0
98837,159908.0
98840,14748.0
98841,27559.0
98843,5964.0
98844,11918.0
98846,3974.0
98847,6374.0
98848,43104.0
98849,3348.0
98850,4908.0
98851,12931.0
98855,17425.0
98856,10243.0
98857,12860.0
98858,6700.0
98862,11834.0
98901,79299.0
98902,112352.0
98903,60880.0
98908,157334.0
98922,24144.0
98923,5604.0
98926,109536.0
98930,38568.0
98932,12726.0
98933,4138.0
98935,11357.0
98936,25492.0
98937,19205.0
98938,5692.0
98942,77102.0
98944,51466.0
98946,1673.0
98947,8370.0
98948,30716.0
98951,27471.0
98952,3762.0
98953,24686.0
99001,14572.0
99003,20666.0
99004,61354.0
99005,40635.0
99006,46994.0
99008,2256.0
99009,13670.0
99011,6004.0
99012,3970.0
99013,2545.0
99016,66217.0
99018,250.0
99019,49012.0
99021,41856.0
99022,38219.0
99023,1780.0
99025,24933.0
99026,47273.0
99027,27235.0
99029,5391.0
99030,4409.0
99031,5026.0
99032,2556.0
99033,3395.0
99034,382.0
99036,6394.0
99037,66046.0
99040,2828.0
99101,4312.0
99103,1872.0
99109,18281.0
99110,5885.0
99111,17652.0
99113,3354.0
99114,45856.0
99115,4123.0
99116,5433.0
99117,1696.0
99118,2283.0
99119,3114.0
99122,14350.0
99123,4468.0
99125,1952.0
99126,2246.0
99128,835.0
99129,1422.0
99130,3829.0
99133,5801.0
99134,1900.0
99135,186.0
99137,1018.0
99138,3075.0
99139,4236.0
99140,371.0
99141,19633.0
99143,2538.0
99148,7874.0
99150,789.0
99153,1382.0
99155,2600.0
99156,30021.0
99157,2256.0
99158,2414.0
99159,5310.0
99161,7300.0
99163,74724.0
99166,10192.0
99167,1874.0
99169,9970.0
99170,4516.0
99171,4113.0
99173,3971.0
99179,2037.0
99180,3652.0
99181,5709.0
99185,5706.0
99201,39462.0
99202,41242.0
99203,99176.0
99204,23895.0
99205,131264.0
99206,141408.0
99207,65058.0
99208,206836.0
99212,83988.0
99216,88869.0
99217,70881.0
99218,52878.0
99223,133016.0
99224,80653.0
99301,253004.0
99320,35807.0
99321,1858.0
99322,705.0
99323,14655.0
99324,31704.0
99326,11722.0
99328,13754.0
99329,926.0
99330,5066.0
99336,157602.0
99337,130469.0
99338,58738.0
99341,2820.0
99343,10314.0
99344,51745.0
99347,9353.0
99348,4153.0
99349,17718.0
99350,49968.0
99352,135266.0
99353,76322.0
99354,95144.0
99356,300.0
99357,11002.0
99360,5356.0
99361,6873.0
99362,152512.0
99371,295.0
99401,788.0
99402,7128.0
99403,79334.0
99999,557762.0
